0 0.490062 0.289637 0.077062 0.108923
0 0.617773 0.233536 0.072672 0.112225
0 0.592453 0.411745 0.077062 0.112201
0 0.247852 0.523970 0.070453 0.118806
0 0.047477 0.793770 0.094672 0.156768
0 0.371156 0.747564 0.090281 0.136956
0 0.357398 0.852354 0.082578 0.125410
0 0.484555 0.790468 0.092484 0.133677
0 0.554477 0.776440 0.073766 0.128712
0 0.793383 0.702178 0.084766 0.138595
0 0.937578 0.312775 0.084844 0.122037
0 0.874305 0.168349 0.070453 0.103958
0 0.671727 0.924953 0.079266 0.125410
0 0.107477 0.877857 0.080359 0.114075
0 0.030344 0.891862 0.060688 0.128876
